-1.0000000000000000e+00
-9.9539344662916651e-01
-9.8793988670416688e-01
-9.8333333333333339e-01
-9.8333333333333339e-01
-9.7872677996249968e-01
-9.7127322003750027e-01
-9.6666666666666679e-01
-9.6666666666666679e-01
-9.6206011329583307e-01
-9.5460655337083367e-01
-9.5000000000000018e-01
-9.4999999999999996e-01
-9.4539344662916625e-01
-9.3793988670416706e-01
-9.3333333333333335e-01
-9.3333333333333335e-01
-9.2872677996249964e-01
-9.2127322003750045e-01
-9.1666666666666674e-01
-9.1666666666666652e-01
-9.1206011329583303e-01
-9.0460655337083362e-01
-8.9999999999999991e-01
-8.9999999999999991e-01
-8.9539344662916642e-01
-8.8793988670416701e-01
-8.8333333333333330e-01
-8.8333333333333330e-01
-8.7872677996249982e-01
-8.7127322003750018e-01
-8.6666666666666670e-01
-8.6666666666666670e-01
-8.6206011329583321e-01
-8.5460655337083358e-01
-8.5000000000000009e-01
-8.5000000000000009e-01
-8.4539344662916638e-01
-8.3793988670416697e-01
-8.3333333333333348e-01
-8.3333333333333348e-01
-8.2872677996249977e-01
-8.2127322003750036e-01
-8.1666666666666687e-01
-8.1666666666666665e-01
-8.1206011329583294e-01
-8.0460655337083375e-01
-8.0000000000000004e-01
-8.0000000000000004e-01
-7.9539344662916633e-01
-7.8793988670416715e-01
-7.8333333333333344e-01
-7.8333333333333321e-01
-7.7872677996249973e-01
-7.7127322003750032e-01
-7.6666666666666661e-01
-7.6666666666666661e-01
-7.6206011329583312e-01
-7.5460655337083349e-01
-7.5000000000000000e-01
-7.5000000000000000e-01
-7.4539344662916651e-01
-7.3793988670416688e-01
-7.3333333333333339e-01
-7.3333333333333339e-01
-7.2872677996249990e-01
-7.2127322003750027e-01
-7.1666666666666679e-01
-7.1666666666666679e-01
-7.1206011329583307e-01
-7.0460655337083367e-01
-7.0000000000000018e-01
-6.9999999999999996e-01
-6.9539344662916625e-01
-6.8793988670416706e-01
-6.8333333333333335e-01
-6.8333333333333335e-01
-6.7872677996249964e-01
-6.7127322003750045e-01
-6.6666666666666674e-01
-6.6666666666666674e-01
-6.6206011329583303e-01
-6.5460655337083384e-01
-6.5000000000000013e-01
-6.4999999999999991e-01
-6.4539344662916642e-01
-6.3793988670416701e-01
-6.3333333333333330e-01
-6.3333333333333330e-01
-6.2872677996249982e-01
-6.2127322003750018e-01
-6.1666666666666670e-01
-6.1666666666666670e-01
-6.1206011329583321e-01
-6.0460655337083358e-01
-6.0000000000000009e-01
-6.0000000000000009e-01
-5.9539344662916638e-01
-5.8793988670416697e-01
-5.8333333333333348e-01
-5.8333333333333326e-01
-5.7872677996249955e-01
-5.7127322003750036e-01
-5.6666666666666665e-01
-5.6666666666666665e-01
-5.6206011329583294e-01
-5.5460655337083375e-01
-5.5000000000000004e-01
-5.5000000000000004e-01
-5.4539344662916633e-01
-5.3793988670416715e-01
-5.3333333333333344e-01
-5.3333333333333321e-01
-5.2872677996249973e-01
-5.2127322003750032e-01
-5.1666666666666661e-01
-5.1666666666666661e-01
-5.1206011329583312e-01
-5.0460655337083349e-01
-5.0000000000000000e-01
-5.0000000000000000e-01
-4.9539344662916629e-01
-4.8793988670416694e-01
-4.8333333333333334e-01
-4.8333333333333339e-01
-4.7872677996249968e-01
-4.7127322003750033e-01
-4.6666666666666673e-01
-4.6666666666666673e-01
-4.6206011329583291e-01
-4.5460655337083367e-01
-4.4999999999999996e-01
-4.4999999999999996e-01
-4.4539344662916625e-01
-4.3793988670416700e-01
-4.3333333333333318e-01
-4.3333333333333335e-01
-4.2872677996249964e-01
-4.2127322003750040e-01
-4.1666666666666657e-01
-4.1666666666666657e-01
-4.1206011329583297e-01
-4.0460655337083362e-01
-3.9999999999999991e-01
-3.9999999999999997e-01
-3.9539344662916637e-01
-3.8793988670416701e-01
-3.8333333333333330e-01
-3.8333333333333330e-01
-3.7872677996249959e-01
-3.7127322003750024e-01
-3.6666666666666664e-01
-3.6666666666666670e-01
-3.6206011329583299e-01
-3.5460655337083363e-01
-3.5000000000000003e-01
-3.5000000000000003e-01
-3.4539344662916621e-01
-3.3793988670416697e-01
-3.3333333333333326e-01
-3.3333333333333343e-01
-3.2872677996249960e-01
-3.2127322003750036e-01
-3.1666666666666665e-01
-3.1666666666666665e-01
-3.1206011329583294e-01
-3.0460655337083370e-01
-2.9999999999999988e-01
-3.0000000000000004e-01
-2.9539344662916633e-01
-2.8793988670416709e-01
-2.8333333333333327e-01
-2.8333333333333327e-01
-2.7872677996249967e-01
-2.7127322003750032e-01
-2.6666666666666661e-01
-2.6666666666666666e-01
-2.6206011329583306e-01
-2.5460655337083371e-01
-2.5000000000000000e-01
-2.5000000000000000e-01
-2.4539344662916629e-01
-2.3793988670416705e-01
-2.3333333333333339e-01
-2.3333333333333339e-01
-2.2872677996249968e-01
-2.2127322003750044e-01
-2.1666666666666679e-01
-2.1666666666666673e-01
-2.1206011329583302e-01
-2.0460655337083367e-01
-1.9999999999999996e-01
-1.9999999999999996e-01
-1.9539344662916625e-01
-1.8793988670416700e-01
-1.8333333333333335e-01
-1.8333333333333335e-01
-1.7872677996249964e-01
-1.7127322003750040e-01
-1.6666666666666674e-01
-1.6666666666666657e-01
-1.6206011329583297e-01
-1.5460655337083362e-01
-1.4999999999999991e-01
-1.4999999999999997e-01
-1.4539344662916637e-01
-1.3793988670416701e-01
-1.3333333333333330e-01
-1.3333333333333330e-01
-1.2872677996249959e-01
-1.2127322003750035e-01
-1.1666666666666670e-01
-1.1666666666666670e-01
-1.1206011329583299e-01
-1.0460655337083374e-01
-1.0000000000000009e-01
-1.0000000000000003e-01
-9.5393446629166323e-02
-8.7939886704166970e-02
-8.3333333333333259e-02
-8.3333333333333426e-02
-7.8726779962499716e-02
-7.1273220037500362e-02
-6.6666666666666652e-02
-6.6666666666666652e-02
-6.2060113295832942e-02
-5.4606553370833699e-02
-5.0000000000000044e-02
-5.0000000000000044e-02
-4.5393446629166334e-02
-3.7939886704167092e-02
-3.3333333333333437e-02
-3.3333333333333270e-02
-2.8726779962499671e-02
-2.1273220037500318e-02
-1.6666666666666607e-02
-1.6666666666666663e-02
-1.2060113295833064e-02
-4.6065533708337103e-03
0.0000000000000000e+00
0.0000000000000000e+00
4.6065533708337103e-03
1.2060113295832953e-02
1.6666666666666663e-02
1.6666666666666607e-02
2.1273220037500318e-02
2.8726779962499560e-02
3.3333333333333215e-02
3.3333333333333215e-02
3.7939886704166925e-02
4.5393446629166168e-02
4.9999999999999822e-02
5.0000000000000044e-02
5.4606553370833755e-02
6.2060113295832997e-02
6.6666666666666652e-02
6.6666666666666652e-02
7.1273220037500362e-02
7.8726779962499605e-02
8.3333333333333259e-02
8.3333333333333259e-02
8.7939886704166970e-02
9.5393446629166212e-02
9.9999999999999867e-02
1.0000000000000009e-01
1.0460655337083380e-01
1.1206011329583304e-01
1.1666666666666670e-01
1.1666666666666670e-01
1.2127322003750041e-01
1.2872677996249965e-01
1.3333333333333330e-01
1.3333333333333330e-01
1.3793988670416701e-01
1.4539344662916626e-01
1.4999999999999991e-01
1.4999999999999991e-01
1.5460655337083362e-01
1.6206011329583286e-01
1.6666666666666652e-01
1.6666666666666674e-01
1.7127322003750045e-01
1.7872677996249969e-01
1.8333333333333335e-01
1.8333333333333335e-01
1.8793988670416706e-01
1.9539344662916630e-01
1.9999999999999996e-01
1.9999999999999996e-01
2.0460655337083367e-01
2.1206011329583291e-01
2.1666666666666656e-01
2.1666666666666656e-01
2.2127322003750027e-01
2.2872677996249952e-01
2.3333333333333317e-01
2.3333333333333339e-01
2.3793988670416710e-01
2.4539344662916635e-01
2.5000000000000000e-01
2.5000000000000000e-01
2.5460655337083371e-01
2.6206011329583306e-01
2.6666666666666666e-01
2.6666666666666661e-01
2.7127322003750032e-01
2.7872677996249967e-01
2.8333333333333327e-01
2.8333333333333321e-01
2.8793988670416693e-01
2.9539344662916628e-01
2.9999999999999988e-01
3.0000000000000004e-01
3.0460655337083375e-01
3.1206011329583300e-01
3.1666666666666682e-01
3.1666666666666665e-01
3.2127322003750036e-01
3.2872677996249960e-01
3.3333333333333343e-01
3.3333333333333326e-01
3.3793988670416697e-01
3.4539344662916621e-01
3.5000000000000003e-01
3.5000000000000009e-01
3.5460655337083380e-01
3.6206011329583315e-01
3.6666666666666675e-01
3.6666666666666670e-01
3.7127322003750041e-01
3.7872677996249976e-01
3.8333333333333336e-01
3.8333333333333330e-01
3.8793988670416701e-01
3.9539344662916637e-01
3.9999999999999997e-01
3.9999999999999991e-01
4.0460655337083362e-01
4.1206011329583297e-01
4.1666666666666657e-01
4.1666666666666674e-01
4.2127322003750045e-01
4.2872677996249969e-01
4.3333333333333351e-01
4.3333333333333335e-01
4.3793988670416706e-01
4.4539344662916630e-01
4.5000000000000012e-01
4.4999999999999996e-01
4.5460655337083367e-01
4.6206011329583291e-01
4.6666666666666673e-01
4.6666666666666656e-01
4.7127322003750027e-01
4.7872677996249952e-01
4.8333333333333334e-01
4.8333333333333339e-01
4.8793988670416710e-01
4.9539344662916646e-01
5.0000000000000000e-01
5.0000000000000000e-01
5.0460655337083349e-01
5.1206011329583312e-01
5.1666666666666661e-01
5.1666666666666661e-01
5.2127322003750010e-01
5.2872677996249973e-01
5.3333333333333321e-01
5.3333333333333321e-01
5.3793988670416670e-01
5.4539344662916633e-01
5.4999999999999982e-01
5.5000000000000004e-01
5.5460655337083375e-01
5.6206011329583294e-01
5.6666666666666665e-01
5.6666666666666665e-01
5.7127322003750036e-01
5.7872677996249955e-01
5.8333333333333326e-01
5.8333333333333326e-01
5.8793988670416697e-01
5.9539344662916616e-01
5.9999999999999987e-01
6.0000000000000009e-01
6.0460655337083358e-01
6.1206011329583321e-01
6.1666666666666670e-01
6.1666666666666670e-01
6.2127322003750018e-01
6.2872677996249982e-01
6.3333333333333330e-01
6.3333333333333330e-01
6.3793988670416679e-01
6.4539344662916642e-01
6.4999999999999991e-01
6.4999999999999991e-01
6.5460655337083340e-01
6.6206011329583303e-01
6.6666666666666652e-01
6.6666666666666674e-01
6.7127322003750045e-01
6.7872677996249964e-01
6.8333333333333335e-01
6.8333333333333335e-01
6.8793988670416706e-01
6.9539344662916625e-01
6.9999999999999996e-01
6.9999999999999996e-01
7.0460655337083367e-01
7.1206011329583285e-01
7.1666666666666656e-01
7.1666666666666656e-01
7.2127322003750027e-01
7.2872677996249946e-01
7.3333333333333317e-01
7.3333333333333339e-01
7.3793988670416688e-01
7.4539344662916651e-01
7.5000000000000000e-01
7.5000000000000000e-01
7.5460655337083349e-01
7.6206011329583312e-01
7.6666666666666661e-01
7.6666666666666661e-01
7.7127322003750010e-01
7.7872677996249973e-01
7.8333333333333321e-01
7.8333333333333321e-01
7.8793988670416670e-01
7.9539344662916633e-01
7.9999999999999982e-01
8.0000000000000004e-01
8.0460655337083375e-01
8.1206011329583294e-01
8.1666666666666665e-01
8.1666666666666665e-01
8.2127322003750036e-01
8.2872677996249955e-01
8.3333333333333326e-01
8.3333333333333326e-01
8.3793988670416697e-01
8.4539344662916616e-01
8.4999999999999987e-01
8.4999999999999987e-01
8.5460655337083358e-01
8.6206011329583276e-01
8.6666666666666647e-01
8.6666666666666670e-01
8.7127322003750018e-01
8.7872677996249982e-01
8.8333333333333330e-01
8.8333333333333330e-01
8.8793988670416679e-01
8.9539344662916642e-01
8.9999999999999991e-01
8.9999999999999991e-01
9.0460655337083340e-01
9.1206011329583303e-01
9.1666666666666652e-01
9.1666666666666674e-01
9.2127322003750045e-01
9.2872677996249964e-01
9.3333333333333335e-01
9.3333333333333335e-01
9.3793988670416706e-01
9.4539344662916625e-01
9.4999999999999996e-01
9.4999999999999996e-01
9.5460655337083367e-01
9.6206011329583285e-01
9.6666666666666656e-01
9.6666666666666656e-01
9.7127322003750027e-01
9.7872677996249946e-01
9.8333333333333317e-01
9.8333333333333339e-01
9.8793988670416688e-01
9.9539344662916651e-01
1.0000000000000000e+00
