2.5727034561619588e-07
3.2594664035314600e-07
4.8885858740844131e-07
6.2377967050732976e-07
6.2833913158530670e-07
8.0110515071268102e-07
1.2079378419896791e-06
1.5439621051906102e-06
1.5545401668658719e-06
1.9847892028685472e-06
2.9933035002095371e-06
3.8264467365978778e-06
3.8504375328057170e-06
4.9176326466375407e-06
7.4079779767646554e-06
9.4670434709792485e-06
9.5205090148718362e-06
1.2158914427061398e-05
1.8287290847839234e-05
2.3359358715039180e-05
2.3476502436648622e-05
2.9977074417795413e-05
4.5004550578553572e-05
5.7453690670746886e-05
5.7705544919285236e-05
7.3662366909130845e-05
1.1037045373137245e-04
1.4080619111892618e-04
1.4133552040373267e-04
1.8034509852579898e-04
2.6963785266229459e-04
3.4372513362814432e-04
3.4480569122586382e-04
4.3974450608112541e-04
6.5594443609884518e-04
8.3542068589800356e-04
8.3754768135696446e-04
1.0674371176357532e-03
1.5882017767920938e-03
2.0206300735434841e-03
2.0245880348555997e-03
2.5781378293666252e-03
3.8250467445738955e-03
4.8604479911125154e-03
4.8668335938315621e-03
6.1914284695204812e-03
9.1573310091782670e-03
1.1618535490049375e-02
1.1633512592522037e-02
1.4768480700156949e-02
2.1765722557158331e-02
2.7571180067659334e-02
2.7548842343165271e-02
3.5000601829686860e-02
5.1289856875676242e-02
6.4756333942975516e-02
6.4914412717549441e-02
8.1770873844833794e-02
1.1983870889474213e-01
1.5099366052745775e-01
1.5085080639062901e-01
1.8973920040371856e-01
2.7022681237066032e-01
3.3680422578919422e-01
3.4008008175990406e-01
4.2033636421627790e-01
6.0388389175838408e-01
7.2932238548138495e-01
7.2636158439581722e-01
8.4645936071458006e-01
9.7011620543539356e-01
9.9463250663944214e-01
9.9337770588776508e-01
9.7652985359763922e-01
8.6626034798389617e-01
7.6452176602159816e-01
7.6665766686438386e-01
6.5078906622417321e-01
4.7671099805579753e-01
3.8596919066850244e-01
3.8555101968331495e-01
3.1273023132065764e-01
2.2470448791626935e-01
1.8404460465716121e-01
1.8401429895242361e-01
1.5046744773091594e-01
1.0848214822534150e-01
8.8756528580773791e-02
8.8707261573533577e-02
7.2677698658038623e-02
5.2574221591008594e-02
4.3070083452047672e-02
4.3051606764014004e-02
3.5301960615152485e-02
2.5595431138255201e-02
2.1016386572459560e-02
2.1010196857916226e-02
1.7279404554333282e-02
1.2616717922727484e-02
1.0408046272027278e-02
1.0399484819841345e-02
8.5895214287895760e-03
6.2597071899642732e-03
5.1254889341492797e-03
5.1247524510781356e-03
4.1822511806915525e-03
3.0155387351235505e-03
2.4850096436261184e-03
2.4829130284714958e-03
2.0731149733444853e-03
1.6174858014079015e-03
1.4489946563521127e-03
1.4479266568605455e-03
1.3546663981005885e-03
1.3536109212292035e-03
1.4475989279060986e-03
1.4482183078876247e-03
1.6211478780914952e-03
2.1013339104140921e-03
2.5432498389247570e-03
2.5464743244064942e-03
3.1340780459057469e-03
4.4947834703370554e-03
5.6453477106359999e-03
5.6516318418662450e-03
7.1331122257031303e-03
1.0465376319392504e-02
1.3241525066240050e-02
1.3257461269060956e-02
1.6798945683430454e-02
2.4720954639548074e-02
3.1296097602909120e-02
3.1300950514618911e-02
3.9699033536626301e-02
5.8149360230281888e-02
7.3454516911163142e-02
7.3391489619313910e-02
9.2954675500665246e-02
1.3603235481025466e-01
1.7091740601383507e-01
1.7200036658132781e-01
2.1364946752490388e-01
3.0629099488093259e-01
3.8368932892439295e-01
3.8378223962094560e-01
4.8117649435020637e-01
6.7024873622632419e-01
7.8501997373261689e-01
7.8294510940614870e-01
8.8312798293647754e-01
9.8426168681092796e-01
1.0135590531641954e+00
1.0145266184622126e+00
1.0223051492408981e+00
1.0144488691766800e+00
1.0054667989287744e+00
1.0058367638787491e+00
9.9869035044010845e-01
9.9603031108343398e-01
9.9775393191988748e-01
9.9727544139026314e-01
1.0003559136122746e+00
1.0014787676229004e+00
1.0000748944782230e+00
1.0005762089935546e+00
9.9753864477635046e-01
9.9585054045564203e-01
9.9760982783765473e-01
9.9726193797259766e-01
1.0017000981550461e+00
1.0084035520501369e+00
1.0091256341095729e+00
1.0087490187042802e+00
1.0055097174408405e+00
9.9155610359949742e-01
9.8356626838802297e-01
9.8530609407019298e-01
9.8017033922531172e-01
9.9466627123876694e-01
1.0124814013833865e+00
1.0111402315867568e+00
1.0318812065236336e+00
1.0420032556695475e+00
1.0227824570256896e+00
1.0214549161773523e+00
9.7775300924552289e-01
8.4937127158569703e-01
7.4680977486294031e-01
7.4851975538305349e-01
6.3639147329360080e-01
4.6914682836950217e-01
3.8178354097919248e-01
3.8146972137461754e-01
3.1061343378869721e-01
2.2446172933339392e-01
1.8446548948718852e-01
1.8444483769515718e-01
1.5139467513636273e-01
1.0981953352984143e-01
9.0179888580566955e-02
9.0139613726257672e-02
7.4192013668448811e-02
5.4191584844398538e-02
4.4722170263545254e-02
4.4697352209330861e-02
3.6971632860801872e-02
2.7218706694933745e-02
2.2527775509851411e-02
2.2516497945063770e-02
1.8609787272945367e-02
1.3547686384635434e-02
1.1083125194486726e-02
1.1078874014364300e-02
9.0474499194660735e-03
6.5322657174159589e-03
5.3785524497931055e-03
5.3749375291128930e-03
4.4692585575582758e-03
3.4354575907790150e-03
3.0301657272472061e-03
3.0275672602827213e-03
2.7763081206368572e-03
2.6645028244313756e-03
2.7777607691801638e-03
2.7772975588522550e-03
3.0383230373867811e-03
3.8175612447729698e-03
4.5574363460419605e-03
4.5594331089430585e-03
5.5534759373753765e-03
7.8499500496465851e-03
9.7992986074422542e-03
9.7968743201093146e-03
1.2312018540873425e-02
1.7901955570954357e-02
2.2542085756339283e-02
2.2594816985537260e-02
2.8417605805339509e-02
4.1449796490891422e-02
5.2268343969990666e-02
5.2017665307233577e-02
6.6074981302738131e-02
9.5175564367636259e-02
1.1867506190178950e-01
1.2004333577348227e-01
1.4753277977045082e-01
2.1348778665525378e-01
2.6608683244669351e-01
2.6486720160082566e-01
3.2662704133510356e-01
4.2448783428477238e-01
4.7951924981430633e-01
4.7981174167766560e-01
5.2832604157774377e-01
5.9991601296752739e-01
6.4483901569284774e-01
6.4570114994183980e-01
6.9325974489281761e-01
7.8098716518330225e-01
8.3533127154752174e-01
8.3413116021234135e-01
8.8451907196184676e-01
9.3674647915692633e-01
9.4741196956385476e-01
9.4741853291337463e-01
9.4010520392074925e-01
8.9680744401985557e-01
8.5748841032240475e-01
8.5810949690562555e-01
8.1343301694230385e-01
7.4017697343120237e-01
6.9374601447996720e-01
6.9312826503940406e-01
6.4573285862341501e-01
5.5970061762075130e-01
5.0128082364882143e-01
5.0151331432031965e-01
4.3978129656820303e-01
3.4069409255577399e-01
2.8422230775189988e-01
2.8455774608056994e-01
2.3420951687965089e-01
1.7023961720851799e-01
1.4012876920875256e-01
1.4000796515813868e-01
1.1588779991028651e-01
8.5320627421335504e-02
7.0560761945923450e-02
7.0546193514655131e-02
5.8230259101168851e-02
4.2506278461623026e-02
3.4977201784919754e-02
3.4964549764380057e-02
2.8823116870853663e-02
2.1181844259972032e-02
1.7570095474977666e-02
1.7554925225271606e-02
1.4590464183439619e-02
1.0741598103642476e-02
8.8401673258767348e-03
8.8412633876204273e-03
7.2320007758913136e-03
5.1944438713461974e-03
4.2428478177106016e-03
4.2393799102612116e-03
3.4877662279528408e-03
2.6047944096638338e-03
2.2359557116170404e-03
2.2339323564547894e-03
1.9784144089988616e-03
1.7745172704475727e-03
1.7724781147464186e-03
1.7721423444786912e-03
1.8643018813811457e-03
2.2323243064737326e-03
2.6132058991963124e-03
2.6152701010612582e-03
3.1426593968383455e-03
4.3952576417041096e-03
5.4703388470446175e-03
5.4748464913059952e-03
6.8665657954083484e-03
1.0001326566910858e-02
1.2619994806310864e-02
1.2627328939551836e-02
1.5976110039339939e-02
2.3439319518022955e-02
2.9626429139849478e-02
2.9669111959225843e-02
3.7490499406480506e-02
5.4815371736800532e-02
6.9208820849403802e-02
6.8935554867150306e-02
8.7636229506527538e-02
1.2730182103703450e-01
1.5921180623878645e-01
1.6093707672189075e-01
1.9812104577902828e-01
2.8571512044687181e-01
3.5776744464011645e-01
3.5656823870423338e-01
4.4516783413569261e-01
5.9651596437745846e-01
6.8226087157450188e-01
6.8161882115311012e-01
7.5395748398488427e-01
8.3532709253400161e-01
8.6848443218736404e-01
8.6900607799325891e-01
8.9254332263482372e-01
9.2218982169727748e-01
9.3729905274875436e-01
9.3724460351410632e-01
9.5106319960714458e-01
9.7005326205838271e-01
9.7986786921419522e-01
9.8005431168150425e-01
9.8828536309878745e-01
9.9940025794062792e-01
1.0036271632144356e+00
1.0031179477313119e+00
1.0049138109496454e+00
9.9733914386992173e-01
9.8717031972407476e-01
9.8785896719809030e-01
9.7381352001280352e-01
9.5227044807654648e-01
9.4130754373125936e-01
9.4147599460070341e-01
9.3251300462956910e-01
9.1688976121188381e-01
8.9877737305413896e-01
8.9730866361722661e-01
8.6883854578419084e-01
7.8419814486810802e-01
7.1124814290256377e-01
7.1197909680131277e-01
6.2609220436281166e-01
4.8073959267550265e-01
3.9652938838772001e-01
3.9696057076360713e-01
3.2283571897267371e-01
2.3124618611179770e-01
1.8911779900262263e-01
1.8898460989709462e-01
1.5518114149169016e-01
1.1246367961441942e-01
9.2136199931289228e-02
9.2073676882851868e-02
7.5545715044245149e-02
5.4818322675640040e-02
4.4989828253043491e-02
4.4968280891175494e-02
3.6937755351413692e-02
2.6868772686430467e-02
2.2090152695587770e-02
2.2079360550241334e-02
1.8161574853366631e-02
1.3204695871831304e-02
1.0837337794347059e-02
1.0833595175859858e-02
8.8916825644139389e-03
6.4581481942304168e-03
5.3080342349667072e-03
5.3050076592523763e-03
4.3686765752687807e-03
3.1909846717072415e-03
2.6293741846259806e-03
2.6282880543242594e-03
2.1656398784374231e-03
1.5786865248569920e-03
1.2976860661261240e-03
1.2971920957814270e-03
1.0664111141794729e-03
7.7606053646521835e-04
6.3817326187281165e-04
6.3785973819225500e-04
5.2513497229611842e-04
3.8313931702036705e-04
3.1541109386713388e-04
3.1526535140494189e-04
2.5955204064308891e-04
1.8886731301599383e-04
1.5500581429319301e-04
1.5495495314717458e-04
1.2711172036674811e-04
9.2137440444295838e-05
7.5594395316633739e-05
7.5556415128610001e-05
6.2103700431833842e-05
4.5287117136771747e-05
3.7336617990721439e-05
3.7316194039739795e-05
3.0822494654312774e-05
2.2620856405560282e-05
1.8691740103718251e-05
1.8684918051062874e-05
1.5436582399216723e-05
1.1302340924582901e-05
9.3177455014154023e-06
9.3139379384962801e-06
7.6823936504124161e-06
5.6233534764918361e-06
4.6395033029027606e-06
4.6374138432832463e-06
3.8269212608715471e-06
2.7960009688147099e-06
2.3013341443003287e-06
2.3006427202289839e-06
1.8939483019119309e-06
1.3838670109736953e-06
1.1424041965133835e-06
1.1417547869033741e-06
9.4470830301462972e-07
6.9525556524384691e-07
5.7490673886936834e-07
5.7456647182232934e-07
4.7420782290383280e-07
3.4356142615866142e-07
2.7952358366933351e-07
2.7946263225846068e-07
2.2625990790982233e-07
1.6036404105467580e-07
1.3036894888357802e-07
1.3022737063369122e-07
1.0696045750965189e-07
8.0707852577827152e-08
7.0595057835880355e-08
7.0557610588946869e-08
6.4264627116706579e-08
6.1751869472805212e-08
6.4822954162132313e-08
6.5019551300519979e-08
7.1662501568539302e-08
9.2444076052697058e-08
1.1191076655719298e-07
1.1262521072553862e-07
1.3857410801706737e-07
2.0198200544745898e-07
2.5538089283107538e-07
